16.60 , 0.00 , 0.00
16.70 , 0.00 , 0.00
16.80 , 0.00 , 0.00
16.90 , 0.00 , 0.00
17.00 , 0.00 , 0.00
17.10 , 0.00 , 0.00
17.20 , 0.00 , 0.00
17.30 , -1.02 , 0.00
17.40 , -1.02 , 0.00
17.50 , -1.02 , 0.00
17.60 , -1.02 , 0.00
17.70 , -1.02 , 0.00
17.80 , -1.02 , 0.00
17.90 , -1.02 , 0.00
18.00 , -1.02 , 0.00
18.10 , -1.02 , 0.00
18.20 , -1.02 , 0.00
18.30 , -1.02 , 0.00
18.40 , -1.02 , 0.00
18.50 , -1.02 , 0.00
18.60 , -1.02 , 0.00
18.70 , -1.02 , 0.00
18.80 , -1.02 , 0.00
18.90 , -1.02 , 0.00
19.00 , -1.02 , 0.00
19.10 , -1.02 , 0.00
19.20 , -1.02 , 0.00
19.30 , -1.02 , 0.00
19.40 , -1.02 , 0.00
19.50 , -1.02 , 0.00
19.60 , -1.02 , 0.00
19.70 , -1.02 , 0.00
19.80 , -1.02 , 0.00
19.90 , -1.02 , 0.00
20.00 , -1.02 , 0.00
20.10 , -1.02 , 0.00
20.20 , -1.02 , 0.00
20.30 , -1.02 , 0.00
20.40 , -1.02 , 0.00
20.50 , -1.02 , 0.00
20.60 , -1.02 , 0.00
20.70 , -1.02 , 0.00
20.80 , -1.02 , 0.00
20.90 , -1.02 , 0.00
21.00 , -1.02 , 0.00
21.10 , -1.02 , 0.00
21.20 , -1.02 , 0.00
21.30 , -1.02 , 0.00
21.40 , -1.02 , 0.00
21.50 , -1.02 , 0.00
21.60 , -1.02 , 0.00
21.70 , -1.02 , 0.00
21.80 , -1.02 , 0.00
21.90 , -1.02 , 0.00
22.00 , -1.02 , 0.00
22.10 , -1.02 , 0.00
22.20 , -1.02 , 0.00
22.30 , -1.02 , 0.00
22.40 , -1.02 , 0.00
22.50 , -1.02 , 0.00
22.60 , -1.02 , 0.00
22.70 , -1.02 , 0.00
22.80 , -1.02 , 0.00
22.90 , -1.02 , 0.00
23.00 , -1.02 , 0.00
23.10 , -1.02 , 0.00
23.20 , -1.02 , 0.00
23.30 , -1.02 , 0.00
23.40 , -1.02 , 0.00
23.50 , -1.02 , 0.00
23.60 , -1.02 , 0.00
23.70 , -1.02 , 0.00
23.80 , -1.02 , 0.00
23.90 , -1.02 , 0.00
24.00 , -1.02 , 0.00
24.10 , -1.02 , 0.00
24.20 , -1.02 , 0.00
24.30 , -1.02 , 0.00
24.40 , -1.02 , 0.00
24.50 , -1.02 , 0.00
24.60 , -1.02 , 0.00
24.70 , 1.02 , 0.00
24.80 , 1.02 , 0.00
24.90 , 1.02 , 0.00
25.00 , 1.02 , 0.00
25.10 , 1.02 , 0.00
25.20 , 1.02 , 0.00
25.30 , 1.02 , 0.00
25.40 , 1.02 , 0.00
25.50 , 1.02 , 0.00
25.60 , 1.02 , 0.00
25.70 , 1.02 , 0.00
25.80 , 1.02 , 0.00
25.90 , 1.02 , 0.00
26.00 , 1.02 , 0.00
26.10 , 1.02 , 0.00
26.20 , 1.02 , 0.00
26.30 , 1.02 , 0.00
26.40 , 1.02 , 0.00
26.50 , 1.02 , 0.00
26.60 , 1.02 , 0.00
26.70 , 1.02 , 0.00
26.80 , 1.02 , 0.00
26.90 , 1.02 , 0.00
27.00 , 1.02 , 0.00
27.10 , 1.02 , 0.00
27.20 , 1.02 , 0.00
27.30 , 1.02 , 0.00
27.40 , 1.02 , 0.00
27.50 , 1.02 , 0.00
27.60 , 1.02 , 0.00
27.70 , 1.02 , 0.00
27.80 , 1.02 , 0.00
27.90 , 1.02 , 0.00
28.00 , 1.02 , 0.00
28.10 , 1.02 , 0.00
28.20 , 1.02 , 0.00
28.30 , 1.02 , 0.00
28.40 , 1.02 , 0.00
28.50 , 1.02 , 0.00
28.60 , 1.02 , 0.00
28.70 , 1.02 , 0.00
28.80 , 1.02 , 0.00
28.90 , 1.02 , 0.00
29.00 , 1.02 , 0.00
29.10 , 1.02 , 0.00
29.20 , 1.02 , 0.00
29.30 , 1.02 , 0.00
29.40 , 1.02 , 0.00
29.50 , 1.02 , 0.00
29.60 , 1.02 , 0.00
29.70 , 1.02 , 0.00
29.80 , 1.02 , 0.00
29.90 , 1.02 , 0.00
30.00 , 1.02 , 0.00
30.10 , 1.02 , 0.00
30.20 , 1.02 , 0.00
30.30 , 1.02 , 0.00
30.40 , 1.02 , 0.00
30.50 , 1.02 , 0.00
30.60 , 1.02 , 0.00
30.70 , 1.02 , 0.00
30.80 , 1.02 , 0.00
30.90 , 1.02 , 0.00
31.00 , 1.02 , 0.00
31.10 , 1.02 , 0.00
31.20 , 1.02 , 0.00
31.30 , 1.02 , 0.00
31.40 , 1.02 , 0.00
31.50 , 1.02 , 0.00
31.60 , 1.02 , 0.00
31.70 , 1.02 , 0.00
31.80 , 1.02 , 0.00
31.90 , -2.04 , -24.00
32.00 , -2.04 , -19.00
32.10 , -2.04 , -21.00
32.20 , -2.04 , -30.00
32.30 , -2.04 , -22.00
32.40 , -2.04 , -21.00
32.50 , -2.04 , -22.00
32.60 , -2.04 , -21.00
32.70 , -2.04 , -20.00
32.80 , -2.04 , -20.00
32.90 , -2.04 , -21.00
33.00 , -2.04 , -23.00
33.10 , -2.04 , -25.00
33.20 , -2.04 , -28.00
33.30 , -2.04 , -31.00
33.40 , -2.04 , -32.00
33.50 , -2.04 , -33.00
33.60 , -2.04 , -34.00
33.70 , -2.04 , -35.00
33.80 , -2.04 , -34.00
33.90 , -2.04 , -33.00
34.00 , -2.04 , -31.00
34.10 , -2.04 , -29.00
34.20 , -2.04 , -27.00
34.30 , -2.04 , -25.00
34.40 , -2.04 , -24.00
34.50 , -2.04 , -21.00
34.60 , -2.04 , -19.00
34.70 , -2.04 , -18.00
34.80 , -2.04 , -16.00
34.90 , -2.04 , -18.00
35.00 , -2.04 , -18.00
35.10 , -2.04 , -16.00
35.20 , -2.04 , -18.00
35.30 , -2.04 , -20.00
35.40 , -2.04 , -22.00
35.50 , -2.04 , -26.00
35.60 , -2.04 , -28.00
35.70 , -2.04 , -32.00
35.80 , -2.04 , -33.00
35.90 , -2.04 , -33.00
36.00 , -2.04 , -33.00
36.10 , -2.04 , -32.00
36.20 , -2.04 , -31.00
36.30 , -2.04 , -30.00
36.40 , -2.04 , -27.00
36.50 , -2.04 , -25.00
36.60 , -2.04 , -24.00
36.70 , -2.04 , -21.00
36.80 , -2.04 , -21.00
36.90 , -2.04 , -19.00
37.00 , -2.04 , -18.00
37.10 , -2.04 , -17.00
37.20 , -2.04 , -16.00
37.30 , -2.04 , -15.00
37.40 , -2.04 , -14.00
37.50 , -2.04 , -13.00
37.60 , -2.04 , -13.00
37.70 , -2.04 , -13.00
37.80 , -2.04 , -13.00
37.90 , -2.04 , -15.00
38.00 , -2.04 , -15.00
38.10 , -2.04 , -16.00
38.20 , -2.04 , -19.00
38.30 , -2.04 , -22.00
38.40 , -2.04 , -25.00
38.50 , -2.04 , -27.00
38.60 , -2.04 , -28.00
38.70 , -2.04 , -30.00
38.80 , -2.04 , -31.00
38.90 , -2.04 , -31.00
39.00 , -2.04 , -30.00
39.10 , -2.04 , -28.00
39.20 , -2.04 , -28.00
39.30 , -2.04 , -26.00
39.40 , -2.04 , -24.00
39.50 , -2.04 , -22.00
39.60 , -2.04 , -19.00
39.70 , -2.04 , -17.00
39.80 , -2.04 , -15.00
39.90 , -2.04 , -13.00
40.00 , -2.04 , -12.00
40.10 , -2.04 , -11.00
40.20 , -2.04 , -9.00
40.30 , -2.04 , -7.00
40.40 , -2.04 , -6.00
40.50 , -2.04 , -4.00
40.60 , -2.04 , -4.00
40.70 , -2.04 , -1.00
40.80 , -2.04 , -1.00
40.90 , -2.04 , -3.00
41.00 , -2.04 , -5.00
41.10 , -2.04 , -6.00
41.20 , -2.04 , -7.00
41.30 , -2.04 , -7.00
41.40 , -2.04 , -8.00
41.50 , -2.04 , -9.00
41.60 , -2.04 , -10.00
41.70 , -2.04 , -12.00
41.80 , -2.04 , -15.00
41.90 , -2.04 , -17.00
42.00 , -2.04 , -19.00
42.10 , -2.04 , -21.00
42.20 , -2.04 , -22.00
42.30 , -2.04 , -24.00
42.40 , -2.04 , -26.00
42.50 , -2.04 , -27.00
42.60 , -2.04 , -27.00
42.70 , -2.04 , -27.00
42.80 , -2.04 , -27.00
42.90 , -2.04 , -27.00
43.00 , -2.04 , -26.00
43.10 , -2.04 , -25.00
43.20 , -2.04 , -24.00
43.30 , -2.04 , -22.00
43.40 , -2.04 , -19.00
43.50 , -2.04 , -17.00
43.60 , -2.04 , -15.00
43.70 , -2.04 , -13.00
43.80 , -2.04 , -13.00
43.90 , -2.04 , -13.00
44.00 , -2.04 , -12.00
44.10 , -2.04 , -12.00
44.20 , -2.04 , -12.00
44.30 , -2.04 , -12.00
44.40 , -2.04 , -10.00
44.50 , -2.04 , -10.00
44.60 , -2.04 , -11.00
44.70 , -2.04 , -11.00
44.80 , -2.04 , -12.00
44.90 , -2.04 , -14.00
45.00 , -2.04 , -15.00
45.10 , -2.04 , -18.00
45.20 , -2.04 , -20.00
45.30 , -2.04 , -22.00
45.40 , -2.04 , -21.00
45.50 , -2.04 , -22.00
45.60 , -2.04 , -25.00
45.70 , -2.04 , -26.00
45.80 , -2.04 , -27.00
45.90 , -2.04 , -28.00
46.00 , -2.04 , -26.00
46.10 , -2.04 , -25.00
46.20 , -2.04 , -25.00
46.30 , -2.04 , -24.00
46.40 , -2.04 , -22.00
46.50 , -2.04 , -20.00
46.60 , -2.04 , -20.00
46.70 , -2.04 , -21.00
46.80 , -2.04 , -19.00
46.90 , -2.04 , -20.00
47.00 , -2.04 , -20.00
47.10 , -2.04 , -20.00
47.20 , -2.04 , -18.00
47.30 , -2.04 , -19.00
47.40 , -2.04 , -21.00
47.50 , -2.04 , -20.00
47.60 , -2.04 , -21.00
47.70 , 2.04 , 34.00
47.80 , 2.04 , 31.00
47.90 , 2.04 , 34.00
48.00 , 2.04 , 36.00
48.10 , 2.04 , 37.00
48.20 , 2.04 , 37.00
48.30 , 2.04 , 36.00
48.40 , 2.04 , 34.00
48.50 , 2.04 , 32.00
48.60 , 2.04 , 31.00
48.70 , 2.04 , 30.00
48.80 , 2.04 , 30.00
48.90 , 2.04 , 27.00
49.00 , 2.04 , 25.00
49.10 , 2.04 , 26.00
49.20 , 2.04 , 26.00
49.30 , 2.04 , 26.00
49.40 , 2.04 , 28.00
49.50 , 2.04 , 30.00
49.60 , 2.04 , 31.00
49.70 , 2.04 , 33.00
49.80 , 2.04 , 34.00
49.90 , 2.04 , 34.00
50.00 , 2.04 , 34.00
50.10 , 2.04 , 35.00
50.20 , 2.04 , 34.00
50.30 , 2.04 , 33.00
50.40 , 2.04 , 32.00
50.50 , 2.04 , 31.00
50.60 , 2.04 , 28.00
50.70 , 2.04 , 27.00
50.80 , 2.04 , 24.00
50.90 , 2.04 , 24.00
51.00 , 2.04 , 25.00
51.10 , 2.04 , 24.00
51.20 , 2.04 , 24.00
51.30 , 2.04 , 24.00
51.40 , 2.04 , 24.00
51.50 , 2.04 , 25.00
51.60 , 2.04 , 26.00
51.70 , 2.04 , 26.00
51.80 , 2.04 , 28.00
51.90 , 2.04 , 31.00
52.00 , 2.04 , 32.00
52.10 , 2.04 , 33.00
52.20 , 2.04 , 32.00
52.30 , 2.04 , 33.00
52.40 , 2.04 , 33.00
52.50 , 2.04 , 32.00
52.60 , 2.04 , 30.00
52.70 , 2.04 , 28.00
52.80 , 2.04 , 27.00
52.90 , 2.04 , 27.00
53.00 , 2.04 , 28.00
53.10 , 2.04 , 29.00
53.20 , 2.04 , 32.00
53.30 , 2.04 , 33.00
53.40 , 2.04 , 32.00
53.50 , 2.04 , 33.00
53.60 , 2.04 , 34.00
53.70 , 2.04 , 35.00
53.80 , 2.04 , 36.00
53.90 , 2.04 , 34.00
54.00 , 2.04 , 32.00
54.10 , 2.04 , 31.00
54.20 , 2.04 , 30.00
54.30 , 2.04 , 30.00
54.40 , 2.04 , 28.00
54.50 , 2.04 , 27.00
54.60 , 2.04 , 25.00
54.70 , 2.04 , 26.00
54.80 , 2.04 , 27.00
54.90 , 2.04 , 27.00
55.00 , 2.04 , 28.00
55.10 , 2.04 , 27.00
55.20 , 2.04 , 26.00
55.30 , 2.04 , 25.00
55.40 , 2.04 , 23.00
55.50 , 2.04 , 22.00
55.60 , 2.04 , 22.00
55.70 , 2.04 , 24.00
55.80 , 2.04 , 27.00
55.90 , 2.04 , 28.00
56.00 , 2.04 , 30.00
56.10 , 2.04 , 31.00
56.20 , 2.04 , 31.00
56.30 , 2.04 , 31.00
56.40 , 2.04 , 32.00
56.50 , 2.04 , 31.00
56.60 , 2.04 , 30.00
56.70 , 2.04 , 28.00
56.80 , 2.04 , 27.00
56.90 , 2.04 , 26.00
57.00 , 2.04 , 25.00
57.10 , 2.04 , 24.00
57.20 , 2.04 , 22.00
57.30 , 2.04 , 21.00
57.40 , 2.04 , 22.00
57.50 , 2.04 , 21.00
57.60 , 2.04 , 21.00
57.70 , 2.04 , 22.00
57.80 , 2.04 , 22.00
57.90 , 2.04 , 24.00
58.00 , 2.04 , 24.00
58.10 , 2.04 , 25.00
58.20 , 2.04 , 26.00
58.30 , 2.04 , 27.00
58.40 , 2.04 , 27.00
58.50 , 2.04 , 27.00
58.60 , 2.04 , 27.00
58.70 , 2.04 , 28.00
58.80 , 2.04 , 28.00
58.90 , 2.04 , 30.00
59.00 , 2.04 , 31.00
59.10 , 2.04 , 32.00
59.20 , 2.04 , 31.00
59.30 , 2.04 , 28.00
59.40 , 2.04 , 27.00
59.50 , 2.04 , 25.00
59.60 , 2.04 , 25.00
59.70 , 2.04 , 24.00
59.80 , 2.04 , 24.00
59.90 , 2.04 , 24.00
60.00 , 2.04 , 24.00
60.10 , 2.04 , 25.00
60.20 , 2.04 , 25.00
60.30 , 2.04 , 26.00
60.40 , 2.04 , 27.00
60.50 , 2.04 , 27.00
60.60 , 2.04 , 28.00
60.70 , -3.06 , -26.00
60.80 , -3.06 , -47.00
60.90 , -3.06 , -56.00
61.00 , -3.06 , -63.00
61.10 , -3.06 , -67.00
61.20 , -3.06 , -69.00
61.30 , -3.06 , -71.00
61.40 , -3.06 , -70.00
61.50 , -3.06 , -67.00
61.60 , -3.06 , -66.00
61.70 , -3.06 , -63.00
61.80 , -3.06 , -63.00
61.90 , -3.06 , -66.00
62.00 , -3.06 , -68.00
62.10 , -3.06 , -70.00
62.20 , -3.06 , -70.00
62.30 , -3.06 , -66.00
62.40 , -3.06 , -64.00
62.50 , -3.06 , -62.00
62.60 , -3.06 , -60.00
62.70 , -3.06 , -61.00
62.80 , -3.06 , -62.00
62.90 , -3.06 , -65.00
63.00 , -3.06 , -69.00
63.10 , -3.06 , -70.00
63.20 , -3.06 , -67.00
63.30 , -3.06 , -64.00
63.40 , -3.06 , -61.00
63.50 , -3.06 , -59.00
63.60 , -3.06 , -60.00
63.70 , -3.06 , -60.00
63.80 , -3.06 , -60.00
63.90 , -3.06 , -63.00
64.00 , -3.06 , -64.00
64.10 , -3.06 , -64.00
64.20 , -3.06 , -63.00
64.30 , -3.06 , -61.00
64.40 , -3.06 , -58.00
64.50 , -3.06 , -57.00
64.60 , -3.06 , -57.00
64.70 , -3.06 , -60.00
64.80 , -3.06 , -62.00
64.90 , -3.06 , -64.00
65.00 , -3.06 , -66.00
65.10 , -3.06 , -66.00
65.20 , -3.06 , -63.00
65.30 , -3.06 , -62.00
65.40 , -3.06 , -61.00
65.50 , -3.06 , -60.00
65.60 , -3.06 , -60.00
65.70 , -3.06 , -61.00
65.80 , -3.06 , -62.00
65.90 , -3.06 , -63.00
66.00 , -3.06 , -63.00
66.10 , -3.06 , -62.00
66.20 , -3.06 , -61.00
66.30 , -3.06 , -60.00
66.40 , -3.06 , -57.00
66.50 , -3.06 , -57.00
66.60 , -3.06 , -57.00
66.70 , -3.06 , -57.00
66.80 , -3.06 , -59.00
66.90 , -3.06 , -60.00
67.00 , -3.06 , -60.00
67.10 , -3.06 , -60.00
67.20 , -3.06 , -58.00
67.30 , -3.06 , -57.00
67.40 , -3.06 , -56.00
67.50 , -3.06 , -54.00
67.60 , -3.06 , -54.00
67.70 , -3.06 , -56.00
67.80 , -3.06 , -57.00
67.90 , -3.06 , -58.00
68.00 , -3.06 , -58.00
68.10 , -3.06 , -58.00
68.20 , -3.06 , -58.00
68.30 , -3.06 , -56.00
68.40 , -3.06 , -54.00
68.50 , -3.06 , -52.00
68.60 , -3.06 , -51.00
68.70 , -3.06 , -51.00
68.80 , -3.06 , -54.00
68.90 , -3.06 , -57.00
69.00 , -3.06 , -58.00
69.10 , -3.06 , -58.00
69.20 , -3.06 , -57.00
69.30 , -3.06 , -55.00
69.40 , -3.06 , -54.00
69.50 , -3.06 , -52.00
69.60 , -3.06 , -51.00
69.70 , -3.06 , -52.00
69.80 , -3.06 , -54.00
69.90 , -3.06 , -55.00
70.00 , -3.06 , -57.00
70.10 , -3.06 , -58.00
70.20 , -3.06 , -57.00
70.30 , -3.06 , -57.00
70.40 , 3.06 , 48.00
70.50 , 3.06 , 62.00
70.60 , 3.06 , 66.00
70.70 , 3.06 , 68.00
70.80 , 3.06 , 69.00
70.90 , 3.06 , 72.00
71.00 , 3.06 , 74.00
71.10 , 3.06 , 74.00
71.20 , 3.06 , 75.00
71.30 , 3.06 , 74.00
71.40 , 3.06 , 70.00
71.50 , 3.06 , 71.00
71.60 , 3.06 , 72.00
71.70 , 3.06 , 71.00
71.80 , 3.06 , 73.00
71.90 , 3.06 , 73.00
72.00 , 3.06 , 73.00
72.10 , 3.06 , 73.00
72.20 , 3.06 , 70.00
72.30 , 3.06 , 69.00
72.40 , 3.06 , 69.00
72.50 , 3.06 , 70.00
72.60 , 3.06 , 70.00
72.70 , 3.06 , 72.00
72.80 , 3.06 , 73.00
72.90 , 3.06 , 71.00
73.00 , 3.06 , 70.00
73.10 , 3.06 , 68.00
73.20 , 3.06 , 67.00
73.30 , 3.06 , 67.00
73.40 , 3.06 , 68.00
73.50 , 3.06 , 69.00
73.60 , 3.06 , 70.00
73.70 , 3.06 , 70.00
73.80 , 3.06 , 69.00
73.90 , 3.06 , 69.00
74.00 , 3.06 , 67.00
74.10 , 3.06 , 68.00
74.20 , 3.06 , 68.00
74.30 , 3.06 , 68.00
74.40 , 3.06 , 69.00
74.50 , 3.06 , 69.00
74.60 , 3.06 , 67.00
74.70 , 3.06 , 66.00
74.80 , 3.06 , 66.00
74.90 , 3.06 , 64.00
75.00 , 3.06 , 64.00
75.10 , 3.06 , 66.00
75.20 , 3.06 , 67.00
75.30 , 3.06 , 67.00
75.40 , 3.06 , 67.00
75.50 , 3.06 , 66.00
75.60 , 3.06 , 64.00
75.70 , 3.06 , 62.00
75.80 , 3.06 , 61.00
75.90 , 3.06 , 62.00
76.00 , 3.06 , 63.00
76.10 , 3.06 , 64.00
76.20 , 3.06 , 66.00
76.30 , 3.06 , 66.00
76.40 , 3.06 , 64.00
76.50 , 3.06 , 63.00
76.60 , 3.06 , 60.00
76.70 , 3.06 , 58.00
76.80 , 3.06 , 58.00
76.90 , 3.06 , 58.00
77.00 , 3.06 , 59.00
77.10 , 3.06 , 62.00
77.20 , 3.06 , 63.00
77.30 , 3.06 , 64.00
77.40 , 3.06 , 63.00
77.50 , 3.06 , 61.00
77.60 , 3.06 , 61.00
77.70 , 3.06 , 60.00
77.80 , 3.06 , 60.00
77.90 , 3.06 , 60.00
78.00 , 3.06 , 61.00
78.10 , 3.06 , 60.00
78.20 , 3.06 , 61.00
78.30 , 3.06 , 61.00
78.40 , -4.08 , -52.00
78.50 , -4.08 , -70.00
78.60 , -4.08 , -78.00
78.70 , -4.08 , -86.00
78.80 , -4.08 , -88.00
78.90 , -4.08 , -92.00
79.00 , -4.08 , -94.00
79.10 , -4.08 , -92.00
79.20 , -4.08 , -89.00
79.30 , -4.08 , -88.00
79.40 , -4.08 , -90.00
79.50 , -4.08 , -93.00
79.60 , -4.08 , -94.00
79.70 , -4.08 , -91.00
79.80 , -4.08 , -87.00
79.90 , -4.08 , -86.00
80.00 , -4.08 , -86.00
80.10 , -4.08 , -87.00
80.20 , -4.08 , -90.00
80.30 , -4.08 , -90.00
80.40 , -4.08 , -90.00
80.50 , -4.08 , -88.00
80.60 , -4.08 , -85.00
80.70 , -4.08 , -86.00
80.80 , -4.08 , -88.00
80.90 , -4.08 , -87.00
81.00 , -4.08 , -88.00
81.10 , -4.08 , -86.00
81.20 , -4.08 , -85.00
81.30 , -4.08 , -84.00
81.40 , -4.08 , -87.00
81.50 , -4.08 , -87.00
81.60 , -4.08 , -91.00
81.70 , -4.08 , -90.00
81.80 , -4.08 , -88.00
81.90 , -4.08 , -88.00
82.00 , -4.08 , -87.00
82.10 , -4.08 , -88.00
82.20 , -4.08 , -90.00
82.30 , -4.08 , -90.00
82.40 , -4.08 , -88.00
82.50 , -4.08 , -87.00
82.60 , -4.08 , -85.00
82.70 , -4.08 , -84.00
82.80 , -4.08 , -87.00
82.90 , -4.08 , -88.00
83.00 , -4.08 , -88.00
83.10 , -4.08 , -87.00
83.20 , -4.08 , -86.00
83.30 , -4.08 , -84.00
83.40 , -4.08 , -84.00
83.50 , -4.08 , -84.00
83.60 , -4.08 , -86.00
83.70 , -4.08 , -86.00
83.80 , -4.08 , -84.00
83.90 , -4.08 , -82.00
84.00 , -4.08 , -81.00
84.10 , -4.08 , -80.00
84.20 , -4.08 , -84.00
84.30 , -4.08 , -85.00
84.40 , -4.08 , -84.00
84.50 , -4.08 , -85.00
84.60 , -4.08 , -82.00
84.70 , -4.08 , -80.00
84.80 , -4.08 , -80.00
84.90 , -4.08 , -80.00
85.00 , -4.08 , -80.00
85.10 , -4.08 , -81.00
85.20 , -4.08 , -81.00
85.30 , -4.08 , -79.00
85.40 , -4.08 , -79.00
85.50 , -4.08 , -78.00
85.60 , -4.08 , -78.00
85.70 , 4.08 , 97.00
85.80 , 4.08 , 93.00
85.90 , 4.08 , 96.00
86.00 , 4.08 , 99.00
86.10 , 4.08 , 99.00
86.20 , 4.08 , 97.00
86.30 , 4.08 , 99.00
86.40 , 4.08 , 98.00
86.50 , 4.08 , 99.00
86.60 , 4.08 , 99.00
86.70 , 4.08 , 98.00
86.80 , 4.08 , 97.00
86.90 , 4.08 , 97.00
87.00 , 4.08 , 97.00
87.10 , 4.08 , 98.00
87.20 , 4.08 , 98.00
87.30 , 4.08 , 96.00
87.40 , 4.08 , 95.00
87.50 , 4.08 , 94.00
87.60 , 4.08 , 93.00
87.70 , 4.08 , 97.00
87.80 , 4.08 , 96.00
87.90 , 4.08 , 94.00
88.00 , 4.08 , 93.00
88.10 , 4.08 , 93.00
88.20 , 4.08 , 91.00
88.30 , 4.08 , 95.00
88.40 , 4.08 , 96.00
88.50 , 4.08 , 93.00
88.60 , 4.08 , 92.00
88.70 , 4.08 , 90.00
88.80 , 4.08 , 90.00
88.90 , 4.08 , 92.00
89.00 , 4.08 , 95.00
89.10 , 4.08 , 93.00
89.20 , 4.08 , 92.00
89.30 , 4.08 , 90.00
89.40 , 4.08 , 88.00
89.50 , 4.08 , 90.00
89.60 , 4.08 , 90.00
89.70 , 4.08 , 90.00
89.80 , 4.08 , 90.00
89.90 , 4.08 , 86.00
90.00 , 4.08 , 85.00
90.10 , 4.08 , 87.00
90.20 , 4.08 , 87.00
90.30 , 4.08 , 91.00
90.40 , 4.08 , 90.00
90.50 , 4.08 , 87.00
90.60 , 4.08 , 85.00
90.70 , 4.08 , 85.00
90.80 , 4.08 , 86.00
90.90 , 4.08 , 90.00
91.00 , 4.08 , 89.00
91.10 , 4.08 , 87.00
91.20 , 4.08 , 86.00
91.30 , 4.08 , 85.00
91.40 , 4.08 , 84.00
91.50 , 4.08 , 86.00
91.60 , 4.08 , 88.00
91.70 , 4.08 , 87.00
91.80 , 4.08 , 87.00
91.90 , 4.08 , 84.00
92.00 , 4.08 , 81.00
92.10 , 4.08 , 84.00
92.20 , 4.08 , 87.00
92.30 , 4.08 , 90.00
92.40 , 4.08 , 92.00
92.50 , 4.08 , 90.00
92.60 , 4.08 , 85.00
92.70 , 4.08 , 84.00
92.80 , 4.08 , 83.00
92.90 , 4.08 , 87.00
93.00 , 4.08 , 89.00
93.10 , 4.08 , 90.00
93.20 , 4.08 , 88.00
93.30 , 4.08 , 85.00
93.40 , 4.08 , 82.00
93.50 , 4.08 , 81.00
93.60 , 4.08 , 85.00
93.70 , 4.08 , 85.00
93.80 , 4.08 , 86.00
93.90 , 4.08 , 86.00
94.00 , 4.08 , 82.00
94.10 , 4.08 , 80.00
94.20 , 4.08 , 80.00
94.30 , -5.10 , -153.00
94.40 , -5.10 , -108.00
94.50 , -5.10 , -110.00
94.60 , -5.10 , -109.00
94.70 , -5.10 , -106.00
94.80 , -5.10 , -108.00
94.90 , -5.10 , -111.00
95.00 , -5.10 , -111.00
95.10 , -5.10 , -108.00
95.20 , -5.10 , -106.00
95.30 , -5.10 , -105.00
95.40 , -5.10 , -108.00
95.50 , -5.10 , -111.00
95.60 , -5.10 , -109.00
95.70 , -5.10 , -106.00
95.80 , -5.10 , -103.00
95.90 , -5.10 , -103.00
96.00 , -5.10 , -108.00
96.10 , -5.10 , -109.00
96.20 , -5.10 , -108.00
96.30 , -5.10 , -106.00
96.40 , -5.10 , -106.00
96.50 , -5.10 , -106.00
96.60 , -5.10 , -146.00
96.70 , -5.10 , -105.00
96.80 , -5.10 , -103.00
96.90 , -5.10 , -102.00
97.00 , -5.10 , -102.00
97.10 , -5.10 , -103.00
97.20 , -5.10 , -106.00
97.30 , -5.10 , -105.00
97.40 , -5.10 , -103.00
97.50 , -5.10 , -100.00
97.60 , -5.10 , -102.00
97.70 , -5.10 , -105.00
97.80 , -5.10 , -106.00
97.90 , -5.10 , -105.00
98.00 , -5.10 , -104.00
98.10 , -5.10 , -103.00
98.20 , -5.10 , -105.00
98.30 , -5.10 , -106.00
98.40 , -5.10 , -107.00
98.50 , -5.10 , -103.00
98.60 , -5.10 , -102.00
98.70 , -5.10 , -100.00
98.80 , -5.10 , -103.00
98.90 , -5.10 , -105.00
99.00 , -5.10 , -104.00
99.10 , -5.10 , -100.00
99.20 , -5.10 , -99.00
99.30 , -5.10 , -101.00
99.40 , -5.10 , -102.00
99.50 , -5.10 , -104.00
99.60 , -5.10 , -103.00
99.70 , -5.10 , -100.00
99.80 , -5.10 , -99.00
99.90 , -5.10 , -102.00
100.00 , -5.10 , -102.00
100.10 , -5.10 , -103.00
100.20 , -5.10 , -102.00
100.30 , -5.10 , -99.00
100.40 , -5.10 , -99.00
100.50 , -5.10 , -97.00
100.60 , -5.10 , -101.00
100.70 , -5.10 , -102.00
100.80 , -5.10 , -99.00
100.90 , -5.10 , -99.00
101.00 , -5.10 , -99.00
101.10 , -5.10 , -99.00
101.20 , -5.10 , -100.00
101.30 , -5.10 , -102.00
101.40 , -5.10 , -100.00
101.50 , -5.10 , -98.00
101.60 , -5.10 , -99.00
101.70 , -5.10 , -98.00
101.80 , -5.10 , -100.00
101.90 , -5.10 , -100.00
102.00 , -5.10 , -98.00
102.10 , -5.10 , -97.00
102.20 , -5.10 , -97.00
102.30 , -5.10 , -95.00
102.40 , -5.10 , -97.00
102.50 , -5.10 , -98.00
102.60 , 5.10 , 46.00
102.70 , 5.10 , 105.00
102.80 , 5.10 , 112.00
102.90 , 5.10 , 114.00
103.00 , 5.10 , 115.00
103.10 , 5.10 , 116.00
103.20 , 5.10 , 115.00
103.30 , 5.10 , 113.00
103.40 , 5.10 , 114.00
103.50 , 5.10 , 113.00
103.60 , 5.10 , 114.00
103.70 , 5.10 , 114.00
103.80 , 5.10 , 111.00
103.90 , 5.10 , 112.00
104.00 , 5.10 , 112.00
104.10 , 5.10 , 111.00
104.20 , 5.10 , 112.00
104.30 , 5.10 , 110.00
104.40 , 5.10 , 108.00
104.50 , 5.10 , 108.00
104.60 , 5.10 , 109.00
104.70 , 5.10 , 108.00
104.80 , 5.10 , 108.00
104.90 , 5.10 , 107.00
105.00 , 5.10 , 106.00
105.10 , 5.10 , 106.00
105.20 , 5.10 , 106.00
105.30 , 5.10 , 106.00
105.40 , 5.10 , 105.00
105.50 , 5.10 , 104.00
105.60 , 5.10 , 102.00
105.70 , 5.10 , 106.00
105.80 , 5.10 , 109.00
105.90 , 5.10 , 108.00
106.00 , 5.10 , 107.00
106.10 , 5.10 , 107.00
106.20 , 5.10 , 106.00
106.30 , 5.10 , 106.00
106.40 , 5.10 , 108.00
106.50 , 5.10 , 104.00
106.60 , 5.10 , 103.00
106.70 , 5.10 , 102.00
106.80 , 5.10 , 106.00
106.90 , 5.10 , 107.00
107.00 , 5.10 , 104.00
107.10 , 5.10 , 104.00
107.20 , 5.10 , 103.00
107.30 , 5.10 , 103.00
107.40 , 5.10 , 108.00
107.50 , 5.10 , 106.00
107.60 , 5.10 , 103.00
107.70 , 5.10 , 100.00
107.80 , 5.10 , 101.00
107.90 , 5.10 , 100.00
108.00 , 5.10 , 104.00
108.10 , 5.10 , 104.00
108.20 , 5.10 , 102.00
108.30 , 5.10 , 101.00
108.40 , 5.10 , 100.00
108.50 , 5.10 , 100.00
108.60 , 5.10 , 103.00
108.70 , 5.10 , 102.00
108.80 , 5.10 , 99.00
108.90 , 5.10 , 99.00
109.00 , 5.10 , 100.00
109.10 , 5.10 , 100.00
109.20 , 5.10 , 104.00
109.30 , 5.10 , 104.00
109.40 , 5.10 , 100.00
109.50 , 5.10 , 100.00
109.60 , 5.10 , 102.00
109.70 , -6.12 , -99.00
109.80 , -6.12 , -117.00
109.90 , -6.12 , -118.00
110.00 , -6.12 , -119.00
110.10 , -6.12 , -116.00
110.20 , -6.12 , -111.00
110.30 , -6.12 , -115.00
110.40 , -6.12 , -115.00
110.50 , -6.12 , -112.00
110.60 , -6.12 , -112.00
110.70 , -6.12 , -110.00
110.80 , -6.12 , -114.00
110.90 , -6.12 , -122.00
111.00 , -6.12 , -123.00
111.10 , -6.12 , -120.00
111.20 , -6.12 , -118.00
111.30 , -6.12 , -118.00
111.40 , -6.12 , -117.00
111.50 , -6.12 , -117.00
111.60 , -6.12 , -114.00
111.70 , -6.12 , -111.00
111.80 , -6.12 , -112.00
111.90 , -6.12 , -113.00
112.00 , -6.12 , -114.00
112.10 , -6.12 , -115.00
112.20 , -6.12 , -112.00
112.30 , -6.12 , -111.00
112.40 , -6.12 , -115.00
112.50 , -6.12 , -117.00
112.60 , -6.12 , -115.00
112.70 , -6.12 , -114.00
112.80 , -6.12 , -111.00
112.90 , -6.12 , -112.00
113.00 , -6.12 , -114.00
113.10 , -6.12 , -113.00
113.20 , -6.12 , -114.00
113.30 , -6.12 , -111.00
113.40 , -6.12 , -111.00
113.50 , -6.12 , -114.00
113.60 , -6.12 , -115.00
113.70 , -6.12 , -112.00
113.80 , -6.12 , -113.00
113.90 , -6.12 , -112.00
114.00 , -6.12 , -111.00
114.10 , -6.12 , -114.00
114.20 , -6.12 , -114.00
114.30 , 6.12 , -18.00
114.40 , 6.12 , 108.00
114.50 , 6.12 , 118.00
114.60 , 6.12 , 121.00
114.70 , 6.12 , 119.00
114.80 , 6.12 , 120.00
114.90 , 6.12 , 119.00
115.00 , 6.12 , 117.00
115.10 , 6.12 , 117.00
115.20 , 6.12 , 112.00
115.30 , 6.12 , 111.00
115.40 , 6.12 , 113.00
115.50 , 6.12 , 115.00
115.60 , 6.12 , 112.00
115.70 , 6.12 , 113.00
115.80 , 6.12 , 115.00
115.90 , 6.12 , 121.00
116.00 , 6.12 , 121.00
116.10 , 6.12 , 117.00
116.20 , 6.12 , 114.00
116.30 , 6.12 , 115.00
116.40 , 6.12 , 115.00
116.50 , 6.12 , 117.00
116.60 , 6.12 , 115.00
116.70 , 6.12 , 110.00
116.80 , 6.12 , 111.00
116.90 , 6.12 , 115.00
117.00 , 6.12 , 116.00
117.10 , 6.12 , 117.00
117.20 , 6.12 , 114.00
117.30 , 6.12 , 109.00
117.40 , 6.12 , 111.00
117.50 , 6.12 , 114.00
117.60 , 6.12 , 112.00
117.70 , 6.12 , 111.00
117.80 , 6.12 , 109.00
117.90 , 6.12 , 110.00
118.00 , 6.12 , 115.00
118.10 , -7.14 , -100.00
118.20 , -7.14 , -118.00
118.30 , -7.14 , -126.00
118.40 , -7.14 , -127.00
118.50 , -7.14 , -129.00
118.60 , -7.14 , -124.00
118.70 , -7.14 , -120.00
118.80 , -7.14 , -124.00
118.90 , -7.14 , -125.00
119.00 , -7.14 , -123.00
119.10 , -7.14 , -117.00
119.20 , -7.14 , -115.00
119.30 , -7.14 , -116.00
119.40 , -7.14 , -118.00
119.50 , -7.14 , -121.00
119.60 , -7.14 , -120.00
119.70 , -7.14 , -120.00
119.80 , -7.14 , -126.00
119.90 , -7.14 , -128.00
120.00 , -7.14 , -126.00
120.10 , -7.14 , -125.00
120.20 , -7.14 , -121.00
120.30 , -7.14 , -120.00
120.40 , -7.14 , -122.00
120.50 , -7.14 , -122.00
120.60 , -7.14 , -117.00
120.70 , -7.14 , -118.00
120.80 , -7.14 , -120.00
120.90 , -7.14 , -121.00
121.00 , -7.14 , -122.00
121.10 , -7.14 , -120.00
121.20 , -7.14 , -120.00
121.30 , -7.14 , -122.00
121.40 , -7.14 , -123.00
121.50 , -7.14 , -121.00
121.60 , -7.14 , -121.00
121.70 , -7.14 , -120.00
121.80 , -7.14 , -120.00
121.90 , -7.14 , -121.00
122.00 , -7.14 , -121.00
122.10 , -7.14 , -121.00
122.20 , -7.14 , -121.00
122.30 , -7.14 , -120.00
122.40 , -7.14 , -123.00
122.50 , -7.14 , -124.00
122.60 , -7.14 , -123.00
122.70 , -7.14 , -121.00
122.80 , -7.14 , -120.00
122.90 , -7.14 , -120.00
123.00 , -7.14 , -121.00
123.10 , -7.14 , -121.00
123.20 , -7.14 , -118.00
123.30 , -7.14 , -119.00
123.40 , -7.14 , -118.00
123.50 , 7.14 , 248.00
123.60 , 7.14 , 132.00
123.70 , 7.14 , 134.00
123.80 , 7.14 , 135.00
123.90 , 7.14 , 132.00
124.00 , 7.14 , 133.00
124.10 , 7.14 , 133.00
124.20 , 7.14 , 132.00
124.30 , 7.14 , 133.00
124.40 , 7.14 , 133.00
124.50 , 7.14 , 132.00
124.60 , 7.14 , 133.00
124.70 , 7.14 , 132.00
124.80 , 7.14 , 129.00
124.90 , 7.14 , 129.00
125.00 , 7.14 , 128.00
125.10 , 7.14 , 129.00
125.20 , 7.14 , 129.00
125.30 , 7.14 , 124.00
125.40 , 7.14 , 124.00
125.50 , 7.14 , 123.00
125.60 , 7.14 , 124.00
125.70 , 7.14 , 126.00
125.80 , 7.14 , 123.00
125.90 , 7.14 , 120.00
126.00 , 7.14 , 123.00
126.10 , 7.14 , 127.00
126.20 , 7.14 , 127.00
126.30 , 7.14 , 123.00
126.40 , 7.14 , 121.00
126.50 , 7.14 , 123.00
126.60 , 7.14 , 127.00
126.70 , 7.14 , 126.00
126.80 , 7.14 , 120.00
126.90 , 7.14 , 118.00
127.00 , 7.14 , 122.00
127.10 , 7.14 , 123.00
127.20 , 7.14 , 123.00
127.30 , 7.14 , 118.00
127.40 , 7.14 , 116.00
127.50 , 7.14 , 123.00
127.60 , 7.14 , 126.00
127.70 , 7.14 , 123.00
127.80 , 7.14 , 122.00
127.90 , 7.14 , 123.00
128.00 , 7.14 , 123.00
128.10 , 7.14 , 126.00
128.20 , 7.14 , 121.00
128.30 , 7.14 , 118.00
128.40 , 7.14 , 120.00
128.50 , 7.14 , 121.00
128.60 , 7.14 , 121.00
128.70 , 7.14 , 118.00
128.80 , -8.16 , -136.00
128.90 , -8.16 , -129.00
129.00 , -8.16 , -134.00
129.10 , -8.16 , -134.00
129.20 , -8.16 , -135.00
129.30 , -8.16 , -135.00
129.40 , -8.16 , -133.00
129.50 , -8.16 , -133.00
129.60 , -8.16 , -132.00
129.70 , -8.16 , -137.00
129.80 , -8.16 , -135.00
129.90 , -8.16 , -134.00
130.00 , -8.16 , -137.00
130.10 , -8.16 , -139.00
130.20 , -8.16 , -135.00
130.30 , -8.16 , -135.00
130.40 , -8.16 , -134.00
130.50 , -8.16 , -133.00
130.60 , -8.16 , -134.00
130.70 , -8.16 , -133.00
130.80 , -8.16 , -129.00
130.90 , -8.16 , -127.00
131.00 , -8.16 , -129.00
131.10 , -8.16 , -127.00
131.20 , -8.16 , -127.00
131.30 , -8.16 , -124.00
131.40 , -8.16 , -127.00
131.50 , -8.16 , -128.00
131.60 , -8.16 , -127.00
131.70 , -8.16 , -127.00
131.80 , -8.16 , -126.00
131.90 , -8.16 , -127.00
132.00 , -8.16 , -129.00
132.10 , -8.16 , -128.00
132.20 , -8.16 , -125.00
132.30 , -8.16 , -126.00
132.40 , -8.16 , -127.00
132.50 , -8.16 , -127.00
132.60 , -8.16 , -128.00
132.70 , -8.16 , -127.00
132.80 , -8.16 , -126.00
132.90 , -8.16 , -129.00
133.00 , -8.16 , -130.00
133.10 , -8.16 , -129.00
133.20 , -8.16 , -131.00
133.30 , -8.16 , -130.00
133.40 , -8.16 , -129.00
133.50 , -8.16 , -130.00
133.60 , -8.16 , -130.00
133.70 , -8.16 , -128.00
133.80 , -8.16 , -129.00
133.90 , -8.16 , -128.00
134.00 , -8.16 , -127.00
134.10 , -8.16 , -128.00
134.20 , 8.16 , 188.00
134.30 , 8.16 , 137.00
134.40 , 8.16 , 140.00
134.50 , 8.16 , 139.00
134.60 , 8.16 , 138.00
134.70 , 8.16 , 139.00
134.80 , 8.16 , 140.00
134.90 , 8.16 , 138.00
135.00 , 8.16 , 138.00
135.10 , 8.16 , 139.00
135.20 , 8.16 , 138.00
135.30 , 8.16 , 139.00
135.40 , 8.16 , 138.00
135.50 , 8.16 , 136.00
135.60 , 8.16 , 138.00
135.70 , 8.16 , 138.00
135.80 , 8.16 , 136.00
135.90 , 8.16 , 136.00
136.00 , 8.16 , 136.00
136.10 , 8.16 , 134.00
136.20 , 8.16 , 133.00
136.30 , 8.16 , 132.00
136.40 , 8.16 , 130.00
136.50 , 8.16 , 130.00
136.60 , 8.16 , 129.00
136.70 , 8.16 , 126.00
136.80 , 8.16 , 126.00
136.90 , 8.16 , 128.00
137.00 , 8.16 , 127.00
137.10 , 8.16 , 127.00
137.20 , 8.16 , 124.00
137.30 , 8.16 , 124.00
137.40 , 8.16 , 129.00
137.50 , 8.16 , 128.00
137.60 , 8.16 , 126.00
137.70 , 8.16 , 126.00
137.80 , 8.16 , 129.00
137.90 , 8.16 , 131.00
138.00 , 8.16 , 128.00
138.10 , 8.16 , 122.00
138.20 , 8.16 , 123.00
138.30 , 8.16 , 127.00
138.40 , 8.16 , 126.00
138.50 , 8.16 , 124.00
138.60 , 8.16 , 121.00
138.70 , -9.18 , -248.00
138.80 , -9.18 , -136.00
138.90 , -9.18 , -135.00
139.00 , -9.18 , -136.00
139.10 , -9.18 , -138.00
139.20 , -9.18 , -142.00
139.30 , -9.18 , -140.00
139.40 , -9.18 , -133.00
139.50 , -9.18 , -138.00
139.60 , -9.18 , -138.00
139.70 , -9.18 , -135.00
139.80 , -9.18 , -134.00
139.90 , -9.18 , -132.00
140.00 , -9.18 , -132.00
140.10 , -9.18 , -133.00
140.20 , -9.18 , -129.00
140.30 , -9.18 , -126.00
140.40 , -9.18 , -130.00
140.50 , -9.18 , -132.00
140.60 , -9.18 , -135.00
140.70 , -9.18 , -133.00
140.80 , -9.18 , -131.00
140.90 , -9.18 , -134.00
141.00 , -9.18 , -134.00
141.10 , -9.18 , -132.00
141.20 , -9.18 , -132.00
141.30 , -9.18 , -133.00
141.40 , -9.18 , -133.00
141.50 , -9.18 , -135.00
141.60 , -9.18 , -134.00
141.70 , -9.18 , -132.00
141.80 , -9.18 , -135.00
141.90 , -9.18 , -136.00
142.00 , -9.18 , -134.00
142.10 , -9.18 , -136.00
142.20 , -9.18 , -136.00
142.30 , -9.18 , -134.00
142.40 , -9.18 , -135.00
142.50 , -9.18 , -136.00
142.60 , -9.18 , -135.00
142.70 , -9.18 , -135.00
142.80 , -9.18 , -134.00
142.90 , -9.18 , -131.00
143.00 , -9.18 , -133.00
143.10 , -9.18 , -133.00
143.20 , -9.18 , -132.00
143.30 , -9.18 , -132.00
143.40 , -9.18 , -132.00
143.50 , -9.18 , -129.00
143.60 , -9.18 , -131.00
143.70 , -9.18 , -129.00
143.80 , 9.18 , 259.00
143.90 , 9.18 , 142.00
144.00 , 9.18 , 144.00
144.10 , 9.18 , 142.00
144.20 , 9.18 , 143.00
144.30 , 9.18 , 142.00
144.40 , 9.18 , 141.00
144.50 , 9.18 , 143.00
144.60 , 9.18 , 142.00
144.70 , 9.18 , 139.00
144.80 , 9.18 , 141.00
144.90 , 9.18 , 142.00
145.00 , 9.18 , 140.00
145.10 , 9.18 , 139.00
145.20 , 9.18 , 139.00
145.30 , 9.18 , 139.00
145.40 , 9.18 , 141.00
145.50 , 9.18 , 139.00
145.60 , 9.18 , 137.00
145.70 , 9.18 , 139.00
145.80 , 9.18 , 141.00
145.90 , 9.18 , 138.00
146.00 , 9.18 , 136.00
146.10 , 9.18 , 136.00
146.20 , 9.18 , 138.00
146.30 , 9.18 , 140.00
146.40 , 9.18 , 136.00
146.50 , 9.18 , 133.00
146.60 , 9.18 , 138.00
146.70 , 9.18 , 138.00
146.80 , 9.18 , 135.00
146.90 , 9.18 , 132.00
147.00 , 9.18 , 133.00
147.10 , 9.18 , 138.00
147.20 , 9.18 , 136.00
147.30 , 9.18 , 132.00
147.40 , 9.18 , 134.00
147.50 , 9.18 , 136.00
147.60 , 9.18 , 134.00
147.70 , 9.18 , 132.00
147.80 , 9.18 , 132.00
147.90 , 9.18 , 133.00
148.00 , 9.18 , 136.00
148.10 , 9.18 , 135.00
148.20 , 9.18 , 130.00
148.30 , 9.18 , 132.00
148.40 , 9.18 , 134.00
148.50 , 9.18 , 131.00
148.60 , 9.18 , 129.00
148.70 , 9.18 , 128.00
148.80 , 9.18 , 127.00
148.90 , 9.18 , 128.00
149.00 , 9.18 , 126.00
149.10 , 9.18 , 124.00
149.20 , -10.20 , -145.00
149.30 , -10.20 , -145.00
149.40 , -10.20 , -148.00
149.50 , -10.20 , -146.00
149.60 , -10.20 , -148.00
149.70 , -10.20 , -148.00
149.80 , -10.20 , -145.00
149.90 , -10.20 , -148.00
150.00 , -10.20 , -147.00
150.10 , -10.20 , -148.00
150.20 , -10.20 , -150.00
150.30 , -10.20 , -149.00
150.40 , -10.20 , -149.00
150.50 , -10.20 , -152.00
150.60 , -10.20 , -150.00
150.70 , -10.20 , -148.00
150.80 , -10.20 , -150.00
150.90 , -10.20 , -148.00
151.00 , -10.20 , -147.00
151.10 , -10.20 , -148.00
151.20 , -10.20 , -149.00
151.30 , -10.20 , -147.00
151.40 , -10.20 , -148.00
151.50 , -10.20 , -148.00
151.60 , -10.20 , -147.00
151.70 , -10.20 , -149.00
151.80 , -10.20 , -149.00
151.90 , -10.20 , -148.00
152.00 , -10.20 , -150.00
152.10 , -10.20 , -150.00
152.20 , -10.20 , -147.00
152.30 , -10.20 , -147.00
152.40 , -10.20 , -147.00
152.50 , -10.20 , -146.00
152.60 , -10.20 , -147.00
152.70 , -10.20 , -148.00
152.80 , -10.20 , -145.00
152.90 , -10.20 , -147.00
153.00 , -10.20 , -145.00
153.10 , -10.20 , -147.00
153.20 , -10.20 , -147.00
153.30 , -10.20 , -145.00
153.40 , -10.20 , -146.00
153.50 , 10.20 , 132.00
153.60 , 10.20 , 151.00
153.70 , 10.20 , 149.00
153.80 , 10.20 , 151.00
153.90 , 10.20 , 151.00
154.00 , 10.20 , 149.00
154.10 , 10.20 , 150.00
154.20 , 10.20 , 150.00
154.30 , 10.20 , 148.00
154.40 , 10.20 , 150.00
154.50 , 10.20 , 150.00
154.60 , 10.20 , 148.00
154.70 , 10.20 , 150.00
154.80 , 10.20 , 150.00
154.90 , 10.20 , 148.00
155.00 , 10.20 , 148.00
155.10 , 10.20 , 150.00
155.20 , 10.20 , 148.00
155.30 , 10.20 , 149.00
155.40 , 10.20 , 148.00
155.50 , 10.20 , 145.00
155.60 , 10.20 , 145.00
155.70 , 10.20 , 144.00
155.80 , 10.20 , 142.00
155.90 , 10.20 , 146.00
156.00 , 10.20 , 142.00
156.10 , 10.20 , 142.00
156.20 , 10.20 , 144.00
156.30 , 10.20 , 144.00
156.40 , 10.20 , 145.00
156.50 , 10.20 , 142.00
156.60 , 10.20 , 142.00
156.70 , 10.20 , 146.00
156.80 , 10.20 , 147.00
156.90 , 10.20 , 145.00
157.00 , 10.20 , 149.00
157.10 , 10.20 , 149.00
157.20 , 10.20 , 145.00
157.30 , 10.20 , 146.00
157.40 , 10.20 , 145.00
157.50 , 10.20 , 144.00
157.60 , 10.20 , 143.00
157.70 , 10.20 , 141.00
157.80 , 10.20 , 139.00
157.90 , 10.20 , 143.00
158.00 , 10.20 , 144.00
158.10 , 10.20 , 141.00
158.20 , 10.20 , 144.00
158.30 , 10.20 , 146.00
158.40 , 10.20 , 146.00
158.50 , 10.20 , 147.00
158.60 , 10.20 , 147.00
158.70 , 10.20 , 144.00
158.80 , 10.20 , 145.00
158.90 , 10.20 , 144.00
159.00 , 10.20 , 142.00
159.10 , 10.20 , 144.00
159.20 , 10.20 , 142.00
159.30 , 10.20 , 142.00
159.40 , 10.20 , 141.00
159.50 , 10.20 , 141.00
159.60 , 10.20 , 143.00
159.70 , 10.20 , 142.00
159.80 , 10.20 , 141.00
159.90 , 10.20 , 142.00
160.00 , -11.22 , 322.00
160.10 , -11.22 , 0.00
160.20 , -11.22 , -1.00
160.30 , -11.22 , 0.00
160.40 , -11.22 , 0.00
160.50 , -11.22 , 0.00
160.60 , -11.22 , 0.00
160.70 , -11.22 , 0.00
160.80 , -11.22 , 0.00
160.90 , -11.22 , 0.00
161.00 , -11.22 , 0.00
161.10 , -11.22 , 0.00
161.20 , -11.22 , 0.00
161.30 , -11.22 , 0.00
161.40 , -11.22 , 0.00
161.50 , -11.22 , 0.00
161.60 , -11.22 , 0.00
161.70 , -11.22 , 0.00
